Container	root
5
Container	SceneMiGong1
2
Leaf	corner
struct_float3	8
-1024	56	7.5
-904	56	7.5
-904	-40	7.5
-1000	-40	7.5
-1000	24	7.5
-1032	24	7.5
-1032	-72	7.5
-912	-72	7.5

Leaf	leftRight
struct_float4	8
-1	1	-1	-1
-1	-1	2	0
1	-1	-1	3
4	2	-1	-1
-1	-1	3	5
-1	4	6	-1
5	7	-1	-1
-1	-1	-1	6

Container	SceneMiGong2
2
Leaf	corner
struct_float3	14
-112	952	7.5
-8	952	7.5
-8	856	7.5
-88	856	7.5
-88	792	7.5
-56	792	7.5
24	792	7.5
88	792	7.5
88	920	7.5
40	920	7.5
40	856	7.5
-56	744	7.5
24	744	7.5
24	720	7.5

Leaf	leftRight
struct_float4	14
-1	1	-1	-1
-1	-1	2	0
1	10	-1	3
-1	2	4	-1
3	5	-1	-1
-1	6	11	4
-1	7	12	5
8	-1	-1	6
-1	-1	7	9
-1	8	10	-1
9	-1	-1	2
5	12	-1	-1
-1	-1	13	-1
12	-1	-1	-1

Container	SceneMiGong3
2
Leaf	corner
struct_float3	22
960	136	7.5
1032	136	7.5
1088	136	7.5
928	72	7.5
968	72	7.5
1032	72	7.5
1080	72	7.5
1144	72	7.5
968	-8	7.5
1016	-8	7.5
1080	-8	7.5
1144	-8	7.5
968	-72	7.5
1016	-72	7.5
1112	-72	7.5
1144	-72	7.5
968	-136	7.5
1016	-136	7.5
1016	-104	7.5
1056	-104	7.5
1112	-136	7.5
1136	-136	7.5

Leaf	leftRight
struct_float4	22
-1	1	-1	-1
-1	-1	5	0
-1	-1	-1	1
-1	4	-1	-1
-1	5	8	-1
1	6	-1	4
-1	7	10	5
-1	-1	11	6
4	9	-1	-1
-1	10	13	8
6	11	-1	9
7	-1	15	10
-1	13	16	-1
9	14	-1	12
-1	15	20	13
11	-1	-1	14
12	17	-1	-1
18	20	-1	16
-1	-1	17	-1
-1	-1	-1	18
-1	21	-1	-1
-1	-1	-1	20

Container	SceneMiGong4
2
Leaf	corner
struct_float3	34
-120	-904	7.5
-56	-904	7.5
-8	-904	7.5
24	-904	7.5
56	-904	7.5
88	-904	7.5
120	-904	7.5
-88	-936	7.5
-56	-936	7.5
-120	-952	7.5
-88	-952	7.5
-56	-968	7.5
-8	-968	7.5
56	-936	7.5
88	-936	7.5
-88	-1000	7.5
-8	-1000	7.5
-104	-1032	7.5
-40	-1032	7.5
24	-1032	7.5
56	-1032	7.5
120	-1032	7.5
-72	-1064	7.5
-40	-1064	7.5
-72	-1096	7.5
-8	-1096	7.5
-104	-1128	7.5
-72	-1128	7.5
24	-1128	7.5
72	-1128	7.5
120	-1128	7.5
-104	-1176	7.5
72	-1176	7.5
112	-1176	7.5

Leaf	leftRight
struct_float4	34
-1	1	9	-1
-1	-1	8	0
-1	3	12	-1
-1	4	19	2
-1	-1	13	3
-1	6	14	-1
-1	-1	21	5
-1	8	10	-1
1	-1	11	7
0	10	-1	-1
7	-1	15	9
8	12	-1	-1
2	-1	-1	11
4	14	20	-1
5	-1	-1	13
10	16	-1	-1
-1	-1	25	15
-1	18	26	-1
-1	-1	23	17
3	20	28	-1
13	21	-1	19
6	-1	30	20
-1	23	24	-1
18	-1	-1	22
22	25	27	-1
16	-1	-1	24
17	27	31	-1
24	28	-1	26
19	29	-1	27
-1	30	32	28
21	-1	-1	29
26	32	-1	-1
-1	33	-1	-1
-1	-1	-1	32

Leaf	recvString
string	1
recv	


