#-------------------------outer----------------------
3,2,4
-3550,-15
-3521,-15
-3521,15
-3550,15
3,2,4
-3550,1289
-3521,1289
-3521,1318
-3550,1318
3,2,4
-3550,1826
-3521,1826
-3521,1855
-3550,1855
3,2,4
-3550,2658
-3521,2658
-3521,2687
-3550,2687
3,2,4
-3008,3549
-3008,3520
-2979,3520
-2979,3549
3,2,4
-285,3549
-285,3520
-257,3520
-247,3549
3,2,4
1229,3549
1229,3520
1257,3520
1257,3549
3,2,4
3549,14
3520,14
3520,-14
3549,-14
3,2,4
3549,-739
3520,-739
3520,-768
3549,-768
3,2,4
3549,-2176
3520,-2176
3520,-2206
3549,-2206
3,2,4
2687,-3550
2687,-3521
2659,-3521
2659,-3550
3,2,4
1983,-3550
1983,-3521
1955,-3521
1955,-3550
3,2,4
575,-3550
575,-3521
546,-3521
546,-3550
3,2,4
-1365,-3550
-1365,-3520
-1393,-3520
-1393,-3550
3,2,4
-2433,-3550
-2433,-3521
-2462,-3521
-2462,-3550
3,2,4
-3549,-950
-3521,-950
-3521,-921
-3549,-921
#--------------------center----------------------
4,2,4
426,-15
426,14
397,14
397,-15
3,2,4
-94,15
-94,-15
-65,-15
-65,15
4,2,4
-192,14
-192,-15
-163,-15
-163,14
3,2,4
-192,-528
-163,-528
-163,-499
-192,-499
3,2,4
129,-321
129,-350
157,-350
157,-321
3,2,4
427,-321
397,-321
397,-349
427,-349
3,2,4
-93,-349
-65,-349
-65,-321
-93,-321
3,2,4
-2462,14
-2462,-15
-2434,-15
-2434,14
3,2,4
-2688,-15
-2688,14
-2717,14
-2717,-15
3,2,4
-1264,-15
-1264,14
-1292,14
-1292,-15
3,2,4
-1394,14
-1394,-15
-1365,-15
-1365,14
3,2,4
1954,14
1954,-14
1983,-14
1983,14
3,2,4
2397,-14
2397,14
2368,14
2368,-14
#-------------------southEast-------------------
3,2,4
546,-738
546,-768
575,-768
575,-738
3,2,4
738,-739
738,-768
768,-768
768,-739
3,2,4
1250,-738
1250,-768
1279,-768
1279,-738
4,2,4
1954,-738
1954,-768
1983,-768
1983,-738
3,2,4
2658,-739
2658,-768
2687,-768
2687,-739
3,2,4
2687,-1409
2658,-1409
2658,-1437
2687,-1437
4,2,4
1983,-1409
1954,-1409
1954,-1438
1983,-1438
4,2,4
1279,-1409
1250,-1409
1250,-1438
1279,-1438
3,2,4
546,-1438
576,-1438
576,-1409
546,-1409
4,2,4
575,-2177
546,-2177
546,-2206
575,-2206
3,2,4
989,-2206
989,-2177
960,-2177
960,-2206
4,2,4
1279,-2177
1250,-2177
1250,-2206
1279,-2206
4,2,4
1983,-2177
1954,-2177
1954,-2206
1983,-2206
4,2,4
2687,-2177
2658,-2177
2658,-2206
2687,-2206
3,2,4
2687,-2817
2658,-2817
2658,-2845
2687,-2845
3,2,4
2349,-2845
2349,-2817
2321,-2817
2321,-2845
4,2,4
1983,-2817
1854,-2817
1954,-2845
1983,-2845
3,2,4
1279,-2845
1279,-2817
1250,-2817
1250,-2845
3,2,4
547,-2846
575,-2846
575,-2817
547,-2817
#--------------------north-----------------------
3,8,4
-3136,2815
-3108,2815
-3108,2843
-3136,2843
3,8,4
-3108,2688
-3136,2688
-3136,2658
-3108,2658
3,2,4
-2367,2843
-2367,2814
-2339,2814
-2339,2843
3,2,4
-2339,1317
-2368,1317
-2368,1289
-2339,1289
3,2,4
-2339,1123
-2339,1152
-2367,1152
-2367,1123
3,2,4
-1264,1152
-1292,1152
-1292,1123
-1264,1123
3,2,4
-1292,2048
-1264,2048
-1264,2077
-1292,2077
3,2,4
-257,2048
-257,2077
-285,2077
-285,2048
3,8,4
-285,2333
-257,2333
-257,2305
-285,2305
3,2,4
1257,2333
1228,2333
1228,2304
1257,2304
3,2,4
1257,769
1257,798
1229,798
1229,769